#Platforms
134 210 4 3
902 170 4 3
536 72 4 3
-88 -130 10 2
-327 -359 3 4
1580 240 4 1
1694 240 4 2
-110 -491 2 1
91 -567 4 1
696 -539 6 3
#Enemies
71 -239 319 -29
#Ene2mies
1319 174 1507 1119
736 0 984 636
26 -316 204 -174
437 -566 685 287
16 -668 164 -184
#Coins
258 139
329 84
403 34
481 5
569 -7
470 -127
381 -203
301 -203
234 -204
166 -205
97 -207
0 -211
-83 -272
-151 -344
-238 -427
-308 -421
-192 -515
-81 -559
7 -611
74 -720
173 -712
253 -639
327 -680
681 -619
762 -615
843 -614
921 -613
#Player
165 145
#FinishPoint
1776 173
#Spikes
91 -607 3
#Killbox
400
