#Platforms
134 513 10 2
795 425 5 3
1113 241 6 2
820 84 2 2
1601 106 10 1
2123 314 10 3
584 -45 3 1
-95 -175 5 20
196 -221 7 3
1023 -115 10 2
1652 -243 3 1
767 707 15 3
-95 785 20 6
#Enemies
1911 41 2059 1811
1332 184 1390 1232
909 364 1157 809
2218 214 2366 2118
639 -115 717 599
344 -289 502 244
1325 -182 1493 1225
1721 -305 1789 1691
2387 223 2585 2287
#Ene2mies
#Coins
815 20
875 19
778 637
979 635
1146 633
1256 635
1382 632
1658 44
1794 42
2022 39
1133 178
1214 179
758 -50
680 -111
607 -110
94 -238
482 -287
398 -296
220 -289
31 -236
-32 -239
306 -289
1084 -190
932 -90
1205 -184
1432 -185
1675 -311
1323 -190
519 447
453 445
391 447
605 414
812 351
904 350
688 344
983 58
1022 248
#Player
300 300
#FinishPoint
2531 248
#Spikes
-91 737 20
#Killbox
1200
