#Platforms
251 518 10 3
865 381 3 7
499 402 2 1
688 301 2 1
1108 239 10 2
948 621 6 2
1316 518 3 2
1587 483 7 2
1742 185 3 2
1977 371 2 7
2184 307 7 2
#Enemies
1066 558 1174 1016
1452 172 1580 1402
#Ene2mies
#Coins
417 402
525 338
611 285
711 240
823 298
911 306
994 272
1044 197
1119 172
1186 171
1251 171
1321 172
1391 170
1465 170
1536 169
1627 147
1703 123
1768 119
1849 118
1917 167
1966 283
2063 223
2154 221
2236 237
1879 368
1793 411
1720 411
1644 422
1578 419
1487 452
1413 455
1343 453
1252 465
1189 520
1052 425
#Player
294 393
#FinishPoint
2448 242
#Spikes
410 481 10
2025 325 1
#Killbox
800
