#Platforms
280 471 6 2
139 317 3 8
-97 209 3 2
-634 91 8 1
-1116 4 2 8
-1186 -140 2 1
-992 -265 8 1
-500 -388 6 3
-157 -525 2 1
688 331 5 3
1279 355 3 10
1425 194 3 1
1745 78 3 1
586 -465 2 1
1508 -111 3 1
471 -305 6 2
1014 -198 3 1
#Enemies
-380 35 -252 -480
-540 29 -422 -590
-454 32 -336 -544
-858 -324 -610 -958
-366 -460 -208 -466
813 271 901 713
1479 134 1567 1439
1790 23 1878 1750
1549 -192 1637 1499
#Ene2mies
-837 -17 -619 -987
-902 -400 -784 -1002
-761 -400 -623 -841
1048 323 1246 948
1272 -196 1470 1172
868 -322 1066 748
103 -425 451 3
#Coins
394 393
475 397
561 338
636 258
763 248
904 263
1191 251
1325 178
1392 93
1614 64
1828 14
1703 -93
1508 -172
1153 -278
1084 -304
715 -364
634 -366
569 -372
498 -369
303 286
224 238
137 240
75 150
-37 94
-162 111
-262 31
-347 20
-435 17
-522 21
-603 -40
-895 -91
-990 -71
-1066 -58
-1141 -58
-1068 -167
-1173 -198
-1099 -275
-1020 -343
-895 -499
-800 -503
-928 -327
-791 -331
-854 -333
-707 -329
-606 -390
-517 -455
-436 -457
-349 -458
-275 -462
-240 -540
-154 -590
-73 -591
379 -284
311 -157
199 152
251 -11
319 -471
267 -549
213 -639
#Player
325 385
#FinishPoint
608 -527
#Spikes
-49 169 2
-634 50 1
1327 311 2
688 302 3
1014 -236 2
#Killbox
800
